22.0000
22.0250
22.0500
22.0750
22.1000
22.1250
22.1500
22.1750
22.2000
22.2250
22.2500
22.2750
22.3000
22.3250
22.3500
22.3750
22.4000
22.4250
22.4500
22.4750
22.5000
22.5250
22.5500
22.5750
22.6000
22.6250
22.6500
22.6750
22.7000
22.7250
22.7500
22.7750
22.8000
22.8250
22.8500
22.8750
22.9000
22.9250
22.9500
22.9750
23.0000
23.0250
23.0500
23.0750
23.1000
23.1250
23.1500
23.1750
23.2000
23.2250
23.2500
23.2750
23.3000
23.3250
23.3500
23.3750
23.4000
23.4250
23.4500
23.4750
23.5000
23.5250
23.5500
23.5750
23.6000
23.6250
23.6500
23.6750
23.7000
23.7250
23.7500
23.7750
23.8000
23.8250
23.8500
23.8750
23.9000
23.9250
23.9500
23.9750
24.0000
24.0250
24.0500
24.0750
24.1000
24.1250
24.1500
24.1750
24.2000
24.2250
24.2500
24.2750
24.3000
24.3250
24.3500
24.3750
24.4000
24.4250
24.4500
24.4750
24.5000
24.5250
24.5500
24.5750
24.6000
24.6250
24.6500
24.6750
24.7000
24.7250
24.7500
24.7750
24.8000
24.8250
24.8500
24.8750
24.9000
24.9250
24.9500
24.9750
25.0000
25.0250
25.0500
25.0750
25.1000
25.1250
25.1500
25.1750
25.2000
25.2250
25.2500
25.2750
25.3000
25.3250
25.3500
25.3750
25.4000
25.4250
25.4500
25.4750
25.5000
25.5250
25.5500
25.5750
25.6000
25.6250
25.6500
25.6750
25.7000
25.7250
25.7500
25.7750
25.8000
25.8250
25.8500
25.8750
25.9000
25.9250
25.9500
25.9750
26.0000
26.0250
26.0500
26.0750
26.1000
26.1250
26.1500
26.1750
26.2000
26.2250
26.2500
26.2750
26.3000
26.3250
26.3500
26.3750
26.4000
26.4250
26.4500
26.4750
26.5000
26.5250
26.5500
26.5750
26.6000
26.6250
26.6500
26.6750
26.7000
26.7250
26.7500
26.7750
26.8000
26.8250
26.8500
26.8750
26.9000
26.9250
26.9500
26.9750
27.0000
27.0250
27.0500
27.0750
27.1000
27.1250
27.1500
27.1750
27.2000
27.2250
27.2500
27.2750
27.3000
27.3250
27.3500
27.3750
27.4000
27.4250
27.4500
27.4750
27.5000
27.5250
27.5500
27.5750
27.6000
27.6250
27.6500
27.6750
27.7000
27.7250
27.7500
27.7750
27.8000
27.8250
27.8500
27.8750
27.9000
27.9250
27.9500
27.9750
28.0000
28.0250
28.0500
28.0750
28.1000
28.1250
28.1500
28.1750
28.2000
28.2250
28.2500
28.2750
28.3000
28.3250
28.3500
28.3750
28.4000
28.4250
28.4500
28.4750
28.5000
28.5250
28.5500
28.5750
28.6000
28.6250
28.6500
28.6750
28.7000
28.7250
28.7500
28.7750
28.8000
28.8250
28.8500
28.8750
28.9000
28.9250
28.9500
28.9750
29.0000
29.0250
29.0500
29.0750
29.1000
29.1250
29.1500
29.1750
29.2000
29.2250
29.2500
29.2750
29.3000
29.3250
29.3500
29.3750
29.4000
29.4250
29.4500
29.4750
29.5000
29.5250
29.5500
29.5750
29.6000
29.6250
29.6500
29.6750
29.7000
29.7250
29.7500
29.7750
29.8000
29.8250
29.8500
29.8750
29.9000
29.9250
29.9500
29.9750
30.0000
30.0250
30.0500
30.0750
30.1000
30.1250
30.1500
30.1750
30.2000
30.2250
30.2500
30.2750
30.3000
30.3250
30.3500
30.3750
30.4000
30.4250
30.4500
30.4750
30.5000
30.5250
30.5500
30.5750
30.6000
30.6250
30.6500
30.6750
30.7000
30.7250
30.7500
30.7750
30.8000
30.8250
30.8500
30.8750
30.9000
30.9250
30.9500
30.9750
31.0000
31.0250
31.0500
31.0750
31.1000
31.1250
31.1500
31.1750
31.2000
31.2250
31.2500
31.2750
31.3000
31.3250
31.3500
31.3750
31.4000
31.4250
31.4500
31.4750
31.5000
31.5250
31.5500
31.5750
31.6000
31.6250
31.6500
31.6750
31.7000
31.7250
31.7500
31.7750
31.8000
31.8250
31.8500
31.8750
31.9000
31.9250
31.9500
31.9750
32.0000
32.0250
32.0500
32.0750
32.1000
32.1250
32.1500
32.1750
32.2000
32.2250
32.2500
32.2750
32.3000
32.3250
32.3500
32.3750
32.4000
32.4250
32.4500
32.4750
32.5000
32.5250
32.5500
32.5750
32.6000
32.6250
32.6500
32.6750
32.7000
32.7250
32.7500
32.7750
32.8000
32.8250
32.8500
32.8750
32.9000
32.9250
32.9500
32.9750
33.0000
33.0250
33.0500
33.0750
33.1000
33.1250
33.1500
33.1750
33.2000
33.2250
33.2500
33.2750
33.3000
33.3250
33.3500
33.3750
33.4000
33.4250
33.4500
33.4750
33.5000
33.5250
33.5500
33.5750
33.6000
33.6250
33.6500
33.6750
33.7000
33.7250
33.7500
33.7750
33.8000
33.8250
33.8500
33.8750
33.9000
33.9250
33.9500
33.9750
34.0000
34.0250
34.0500
34.0750
34.1000
34.1250
34.1500
34.1750
34.2000
34.2250
34.2500
34.2750
34.3000
34.3250
34.3500
34.3750
34.4000
34.4250
34.4500
34.4750
34.5000
34.5250
34.5500
34.5750
34.6000
34.6250
34.6500
34.6750
34.7000
34.7250
34.7500
34.7750
34.8000
34.8250
34.8500
34.8750
34.9000
34.9250
34.9500
34.9750
35.0000
35.0250
35.0500
35.0750
35.1000
35.1250
35.1500
35.1750
35.2000
35.2250
35.2500
35.2750
35.3000
35.3250
35.3500
35.3750
35.4000
35.4250
35.4500
35.4750
35.5000
35.5250
35.5500
35.5750
35.6000
35.6250
35.6500
35.6750
35.7000
35.7250
35.7500
35.7750
35.8000
35.8250
35.8500
35.8750
35.9000
35.9250
35.9500
35.9750
36.0000
36.0250
36.0500
36.0750
36.1000
36.1250
36.1500
36.1750
36.2000
36.2250
36.2500
36.2750
36.3000
36.3250
36.3500
36.3750
36.4000
36.4250
36.4500
36.4750
36.5000
36.5250
36.5500
36.5750
36.6000
36.6250
36.6500
36.6750
36.7000
36.7250
36.7500
36.7750
36.8000
36.8250
36.8500
36.8750
36.9000
36.9250
36.9500
36.9750
37.0000
37.0250
37.0500
37.0750
37.1000
37.1250
37.1500
37.1750
37.2000
37.2250
37.2500
37.2750
37.3000
37.3250
37.3500
37.3750
37.4000
37.4250
37.4500
37.4750
37.5000
37.5250
37.5500
37.5750
37.6000
37.6250
37.6500
37.6750
37.7000
37.7250
37.7500
37.7750
37.8000
37.8250
37.8500
37.8750
37.9000
37.9250
37.9500
37.9750
38.0000
38.0250
38.0500
38.0750
38.1000
38.1250
38.1500
38.1750
38.2000
38.2250
38.2500
38.2750
38.3000
38.3250
38.3500
38.3750
38.4000
38.4250
38.4500
38.4750
38.5000
38.5250
38.5500
38.5750
38.6000
38.6250
38.6500
38.6750
38.7000
38.7250
38.7500
38.7750
38.8000
38.8250
38.8500
38.8750
38.9000
38.9250
38.9500
38.9750
39.0000
39.0250
39.0500
39.0750
39.1000
39.1250
39.1500
39.1750
39.2000
39.2250
39.2500
39.2750
39.3000
39.3250
39.3500
39.3750
39.4000
39.4250
39.4500
39.4750
39.5000
39.5250
39.5500
39.5750
39.6000
39.6250
39.6500
39.6750
39.7000
39.7250
39.7500
39.7750
39.8000
39.8250
39.8500
39.8750
39.9000
39.9250
39.9500
39.9750
40.0000
40.0250
40.0500
40.0750
40.1000
40.1250
40.1500
40.1750
40.2000
40.2250
40.2500
40.2750
40.3000
40.3250
40.3500
40.3750
40.4000
40.4250
40.4500
40.4750
40.5000
40.5250
40.5500
40.5750
40.6000
40.6250
40.6500
40.6750
40.7000
40.7250
40.7500
40.7750
40.8000
40.8250
40.8500
40.8750
40.9000
40.9250
40.9500
40.9750
41.0000
41.0250
41.0500
41.0750
41.1000
41.1250
41.1500
41.1750
41.2000
41.2250
41.2500
41.2750
41.3000
41.3250
41.3500
41.3750
41.4000
41.4250
41.4500
41.4750
41.5000
41.5250
41.5500
41.5750
41.6000
41.6250
41.6500
41.6750
41.7000
41.7250
41.7500
41.7750
41.8000
41.8250
41.8500
41.8750
41.9000
41.9250
41.9500
41.9750
42.0000
42.0250
42.0500
42.0750
42.1000
42.1250
42.1500
42.1750
42.2000
42.2250
42.2500
42.2750
42.3000
42.3250
42.3500
42.3750
42.4000
42.4250
42.4500
42.4750
42.5000
42.5250
42.5500
42.5750
42.6000
42.6250
42.6500
42.6750
42.7000
42.7250
42.7500
42.7750
42.8000
42.8250
42.8500
42.8750
42.9000
42.9250
42.9500
42.9750
43.0000
43.0250
43.0500
43.0750
43.1000
43.1250
43.1500
43.1750
43.2000
43.2250
43.2500
43.2750
43.3000
43.3250
43.3500
43.3750
43.4000
43.4250
43.4500
43.4750
43.5000
43.5250
43.5500
43.5750
43.6000
43.6250
43.6500
43.6750
43.7000
43.7250
43.7500
43.7750
43.8000
43.8250
43.8500
43.8750
43.9000
43.9250
43.9500
43.9750
44.0000
44.0250
44.0500
44.0750
44.1000
44.1250
44.1500
44.1750
44.2000
44.2250
44.2500
44.2750
44.3000
44.3250
44.3500
44.3750
44.4000
44.4250
44.4500
44.4750
44.5000
44.5250
44.5500
44.5750
44.6000
44.6250
44.6500
44.6750
44.7000
44.7250
44.7500
44.7750
44.8000
44.8250
44.8500
44.8750
44.9000
44.9250
44.9500
44.9750
45.0000
45.0250
45.0500
45.0750
45.1000
45.1250
45.1500
45.1750
45.2000
45.2250
45.2500
45.2750
45.3000
45.3250
45.3500
45.3750
45.4000
45.4250
45.4500
45.4750
45.5000
45.5250
45.5500
45.5750
45.6000
45.6250
45.6500
45.6750
45.7000
45.7250
45.7500
45.7750
45.8000
45.8250
45.8500
45.8750
45.9000
45.9250
45.9500
45.9750
46.0000
46.0250
46.0500
46.0750
46.1000
46.1250
46.1500
46.1750
46.2000
46.2250
46.2500
46.2750
46.3000
46.3250
46.3500
46.3750
46.4000
46.4250
46.4500
46.4750
46.5000
46.5250
46.5500
46.5750
46.6000
46.6250
46.6500
46.6750
46.7000
46.7250
46.7500
46.7750
46.8000
46.8250
46.8500
46.8750
46.9000
46.9250
46.9500
46.9750
47.0000
47.0250
47.0500
47.0750
47.1000
47.1250
47.1500
47.1750
47.2000
47.2250
47.2500
47.2750
47.3000
47.3250
47.3500
47.3750
47.4000
47.4250
47.4500
47.4750
47.5000
47.5250
47.5500
47.5750
47.6000
47.6250
47.6500
47.6750
47.7000
47.7250
47.7500
47.7750
47.8000
47.8250
47.8500
47.8750
47.9000
47.9250
47.9500
47.9750
48.0000
48.0250
48.0500
48.0750
48.1000
48.1250
48.1500
48.1750
48.2000
48.2250
48.2500
48.2750
48.3000
48.3250
48.3500
48.3750
48.4000
48.4250
48.4500
48.4750
48.5000
48.5250
48.5500
48.5750
48.6000
48.6250
48.6500
48.6750
48.7000
48.7250
48.7500
48.7750
48.8000
48.8250
48.8500
48.8750
48.9000
48.9250
48.9500
48.9750
49.0000
49.0250
49.0500
49.0750
49.1000
49.1250
49.1500
49.1750
49.2000
49.2250
49.2500
49.2750
49.3000
49.3250
49.3500
49.3750
49.4000
49.4250
49.4500
49.4750
49.5000
49.5250
49.5500
49.5750
49.6000
49.6250
49.6500
49.6750
49.7000
49.7250
49.7500
49.7750
49.8000
49.8250
49.8500
49.8750
49.9000
49.9250
49.9500
49.9750
50.0000
50.0250
50.0500
50.0750
50.1000
50.1250
50.1500
50.1750
50.2000
50.2250
50.2500
50.2750
50.3000
50.3250
50.3500
50.3750
50.4000
50.4250
50.4500
50.4750
50.5000
50.5250
50.5500
50.5750
50.6000
50.6250
50.6500
50.6750
50.7000
50.7250
50.7500
50.7750
50.8000
50.8250
50.8500
50.8750
50.9000
50.9250
50.9500
50.9750
51.0000
