225.0000
225.0250
225.0500
225.0750
225.1000
225.1250
225.1500
225.1750
225.2000
225.2250
225.2500
225.2750
225.3000
225.3250
225.3500
225.3750
225.4000
225.4250
225.4500
225.4750
225.5000
225.5250
225.5500
225.5750
225.6000
225.6250
225.6500
225.6750
225.7000
225.7250
225.7500
225.7750
225.8000
225.8250
225.8500
225.8750
225.9000
225.9250
225.9500
225.9750
226.0000
226.0250
226.0500
226.0750
226.1000
226.1250
226.1500
226.1750
226.2000
226.2250
226.2500
226.2750
226.3000
226.3250
226.3500
226.3750
226.4000
226.4250
226.4500
226.4750
226.5000
226.5250
226.5500
226.5750
226.6000
226.6250
226.6500
226.6750
226.7000
226.7250
226.7500
226.7750
226.8000
226.8250
226.8500
226.8750
226.9000
226.9250
226.9500
226.9750
227.0000
227.0250
227.0500
227.0750
227.1000
227.1250
227.1500
227.1750
227.2000
227.2250
227.2500
227.2750
227.3000
227.3250
227.3500
227.3750
227.4000
227.4250
227.4500
227.4750
227.5000
227.5250
227.5500
227.5750
227.6000
227.6250
227.6500
227.6750
227.7000
227.7250
227.7500
227.7750
227.8000
227.8250
227.8500
227.8750
227.9000
227.9250
227.9500
227.9750
228.0000
228.0250
228.0500
228.0750
228.1000
228.1250
228.1500
228.1750
228.2000
228.2250
228.2500
228.2750
228.3000
228.3250
228.3500
228.3750
228.4000
228.4250
228.4500
228.4750
228.5000
228.5250
228.5500
228.5750
228.6000
228.6250
228.6500
228.6750
228.7000
228.7250
228.7500
228.7750
228.8000
228.8250
228.8500
228.8750
228.9000
228.9250
228.9500
228.9750
229.0000
229.0250
229.0500
229.0750
229.1000
229.1250
229.1500
229.1750
229.2000
229.2250
229.2500
229.2750
229.3000
229.3250
229.3500
229.3750
229.4000
229.4250
229.4500
229.4750
229.5000
229.5250
229.5500
229.5750
229.6000
229.6250
229.6500
229.6750
229.7000
229.7250
229.7500
229.7750
229.8000
229.8250
229.8500
229.8750
229.9000
229.9250
229.9500
229.9750
230.0000
230.0250
230.0500
230.0750
230.1000
230.1250
230.1500
230.1750
230.2000
230.2250
230.2500
230.2750
230.3000
230.3250
230.3500
230.3750
230.4000
230.4250
230.4500
230.4750
230.5000
230.5250
230.5500
230.5750
230.6000
230.6250
230.6500
230.6750
230.7000
230.7250
230.7500
230.7750
230.8000
230.8250
230.8500
230.8750
230.9000
230.9250
230.9500
230.9750
231.0000
231.0250
231.0500
231.0750
231.1000
231.1250
231.1500
231.1750
231.2000
231.2250
231.2500
231.2750
231.3000
231.3250
231.3500
231.3750
231.4000
231.4250
231.4500
231.4750
231.5000
231.5250
231.5500
231.5750
231.6000
231.6250
231.6500
231.6750
231.7000
231.7250
231.7500
231.7750
231.8000
231.8250
231.8500
231.8750
231.9000
231.9250
231.9500
231.9750
232.0000
232.0250
232.0500
232.0750
232.1000
232.1250
232.1500
232.1750
232.2000
232.2250
232.2500
232.2750
232.3000
232.3250
232.3500
232.3750
232.4000
232.4250
232.4500
232.4750
232.5000
232.5250
232.5500
232.5750
232.6000
232.6250
232.6500
232.6750
232.7000
232.7250
232.7500
232.7750
232.8000
232.8250
232.8500
232.8750
232.9000
232.9250
232.9500
232.9750
233.0000
233.0250
233.0500
233.0750
233.1000
233.1250
233.1500
233.1750
233.2000
233.2250
233.2500
233.2750
233.3000
233.3250
233.3500
233.3750
233.4000
233.4250
233.4500
233.4750
233.5000
233.5250
233.5500
233.5750
233.6000
233.6250
233.6500
233.6750
233.7000
233.7250
233.7500
233.7750
233.8000
233.8250
233.8500
233.8750
233.9000
233.9250
233.9500
233.9750
234.0000
234.0250
234.0500
234.0750
234.1000
234.1250
234.1500
234.1750
234.2000
234.2250
234.2500
234.2750
234.3000
234.3250
234.3500
234.3750
234.4000
234.4250
234.4500
234.4750
234.5000
234.5250
234.5500
234.5750
234.6000
234.6250
234.6500
234.6750
234.7000
234.7250
234.7500
234.7750
234.8000
234.8250
234.8500
234.8750
234.9000
234.9250
234.9500
234.9750
235.0000
235.0250
235.0500
235.0750
235.1000
235.1250
235.1500
235.1750
235.2000
235.2250
235.2500
235.2750
235.3000
235.3250
235.3500
235.3750
235.4000
235.4250
235.4500
235.4750
235.5000
235.5250
235.5500
235.5750
235.6000
235.6250
235.6500
235.6750
235.7000
235.7250
235.7500
235.7750
235.8000
235.8250
235.8500
235.8750
235.9000
235.9250
235.9500
235.9750
236.0000
236.0250
236.0500
236.0750
236.1000
236.1250
236.1500
236.1750
236.2000
236.2250
236.2500
236.2750
236.3000
236.3250
236.3500
236.3750
236.4000
236.4250
236.4500
236.4750
236.5000
236.5250
236.5500
236.5750
236.6000
236.6250
236.6500
236.6750
236.7000
236.7250
236.7500
236.7750
236.8000
236.8250
236.8500
236.8750
236.9000
236.9250
236.9500
236.9750
237.0000
237.0250
237.0500
237.0750
237.1000
237.1250
237.1500
237.1750
237.2000
237.2250
237.2500
237.2750
237.3000
237.3250
237.3500
237.3750
237.4000
237.4250
237.4500
237.4750
237.5000
237.5250
237.5500
237.5750
237.6000
237.6250
237.6500
237.6750
237.7000
237.7250
237.7500
237.7750
237.8000
237.8250
237.8500
237.8750
237.9000
237.9250
237.9500
237.9750
238.0000
238.0250
238.0500
238.0750
238.1000
238.1250
238.1500
238.1750
238.2000
238.2250
238.2500
238.2750
238.3000
238.3250
238.3500
238.3750
238.4000
238.4250
238.4500
238.4750
238.5000
238.5250
238.5500
238.5750
238.6000
238.6250
238.6500
238.6750
238.7000
238.7250
238.7500
238.7750
238.8000
238.8250
238.8500
238.8750
238.9000
238.9250
238.9500
238.9750
239.0000
239.0250
239.0500
239.0750
239.1000
239.1250
239.1500
239.1750
239.2000
239.2250
239.2500
239.2750
239.3000
239.3250
239.3500
239.3750
239.4000
239.4250
239.4500
239.4750
239.5000
239.5250
239.5500
239.5750
239.6000
239.6250
239.6500
239.6750
239.7000
239.7250
239.7500
239.7750
239.8000
239.8250
239.8500
239.8750
239.9000
239.9250
239.9500
239.9750
240.0000
240.0250
240.0500
240.0750
240.1000
240.1250
240.1500
240.1750
240.2000
240.2250
240.2500
240.2750
240.3000
240.3250
240.3500
240.3750
240.4000
240.4250
240.4500
240.4750
240.5000
240.5250
240.5500
240.5750
240.6000
240.6250
240.6500
240.6750
240.7000
240.7250
240.7500
240.7750
240.8000
240.8250
240.8500
240.8750
240.9000
240.9250
240.9500
240.9750
241.0000
241.0250
241.0500
241.0750
241.1000
241.1250
241.1500
241.1750
241.2000
241.2250
241.2500
241.2750
241.3000
241.3250
241.3500
241.3750
241.4000
241.4250
241.4500
241.4750
241.5000
241.5250
241.5500
241.5750
241.6000
241.6250
241.6500
241.6750
241.7000
241.7250
241.7500
241.7750
241.8000
241.8250
241.8500
241.8750
241.9000
241.9250
241.9500
241.9750
242.0000
242.0250
242.0500
242.0750
242.1000
242.1250
242.1500
242.1750
242.2000
242.2250
242.2500
242.2750
242.3000
242.3250
242.3500
242.3750
242.4000
242.4250
242.4500
242.4750
242.5000
242.5250
242.5500
242.5750
242.6000
242.6250
242.6500
242.6750
242.7000
242.7250
242.7500
242.7750
242.8000
242.8250
242.8500
242.8750
242.9000
242.9250
242.9500
242.9750
243.0000
243.0250
243.0500
243.0750
243.1000
243.1250
243.1500
243.1750
243.2000
243.2250
243.2500
243.2750
243.3000
243.3250
243.3500
243.3750
243.4000
243.4250
243.4500
243.4750
243.5000
243.5250
243.5500
243.5750
243.6000
243.6250
243.6500
243.6750
243.7000
243.7250
243.7500
243.7750
243.8000
243.8250
243.8500
243.8750
243.9000
243.9250
243.9500
243.9750
244.0000
244.0250
244.0500
244.0750
244.1000
244.1250
244.1500
244.1750
244.2000
244.2250
244.2500
244.2750
244.3000
244.3250
244.3500
244.3750
244.4000
244.4250
244.4500
244.4750
244.5000
244.5250
244.5500
244.5750
244.6000
244.6250
244.6500
244.6750
244.7000
244.7250
244.7500
244.7750
244.8000
244.8250
244.8500
244.8750
244.9000
244.9250
244.9500
244.9750
245.0000
245.0250
245.0500
245.0750
245.1000
245.1250
245.1500
245.1750
245.2000
245.2250
245.2500
245.2750
245.3000
245.3250
245.3500
245.3750
245.4000
245.4250
245.4500
245.4750
245.5000
245.5250
245.5500
245.5750
245.6000
245.6250
245.6500
245.6750
245.7000
245.7250
245.7500
245.7750
245.8000
245.8250
245.8500
245.8750
245.9000
245.9250
245.9500
245.9750
246.0000
246.0250
246.0500
246.0750
246.1000
246.1250
246.1500
246.1750
246.2000
246.2250
246.2500
246.2750
246.3000
246.3250
246.3500
246.3750
246.4000
246.4250
246.4500
246.4750
246.5000
246.5250
246.5500
246.5750
246.6000
246.6250
246.6500
246.6750
246.7000
246.7250
246.7500
246.7750
246.8000
246.8250
246.8500
246.8750
246.9000
246.9250
246.9500
246.9750
247.0000
247.0250
247.0500
247.0750
247.1000
247.1250
247.1500
247.1750
247.2000
247.2250
247.2500
247.2750
247.3000
247.3250
247.3500
247.3750
247.4000
247.4250
247.4500
247.4750
247.5000
247.5250
247.5500
247.5750
247.6000
247.6250
247.6500
247.6750
247.7000
247.7250
247.7500
247.7750
247.8000
247.8250
247.8500
247.8750
247.9000
247.9250
247.9500
247.9750
248.0000
248.0250
248.0500
248.0750
248.1000
248.1250
248.1500
248.1750
248.2000
248.2250
248.2500
248.2750
248.3000
248.3250
248.3500
248.3750
248.4000
248.4250
248.4500
248.4750
248.5000
248.5250
248.5500
248.5750
248.6000
248.6250
248.6500
248.6750
248.7000
248.7250
248.7500
248.7750
248.8000
248.8250
248.8500
248.8750
248.9000
248.9250
248.9500
248.9750
249.0000
249.0250
249.0500
249.0750
249.1000
249.1250
249.1500
249.1750
249.2000
249.2250
249.2500
249.2750
249.3000
249.3250
249.3500
249.3750
249.4000
249.4250
249.4500
249.4750
249.5000
249.5250
249.5500
249.5750
249.6000
249.6250
249.6500
249.6750
249.7000
249.7250
249.7500
249.7750
249.8000
249.8250
249.8500
249.8750
249.9000
249.9250
249.9500
249.9750
250.0000
250.0250
250.0500
250.0750
250.1000
250.1250
250.1500
250.1750
250.2000
250.2250
250.2500
250.2750
250.3000
250.3250
250.3500
250.3750
250.4000
250.4250
250.4500
250.4750
250.5000
250.5250
250.5500
250.5750
250.6000
250.6250
250.6500
250.6750
250.7000
250.7250
250.7500
250.7750
250.8000
250.8250
250.8500
250.8750
250.9000
250.9250
250.9500
250.9750
251.0000
251.0250
251.0500
251.0750
251.1000
251.1250
251.1500
251.1750
251.2000
251.2250
251.2500
251.2750
251.3000
251.3250
251.3500
251.3750
251.4000
251.4250
251.4500
251.4750
251.5000
251.5250
251.5500
251.5750
251.6000
251.6250
251.6500
251.6750
251.7000
251.7250
251.7500
251.7750
251.8000
251.8250
251.8500
251.8750
251.9000
251.9250
251.9500
251.9750
252.0000
252.0250
252.0500
252.0750
252.1000
252.1250
252.1500
252.1750
252.2000
252.2250
252.2500
252.2750
252.3000
252.3250
252.3500
252.3750
252.4000
252.4250
252.4500
252.4750
252.5000
252.5250
252.5500
252.5750
252.6000
252.6250
252.6500
252.6750
252.7000
252.7250
252.7500
252.7750
252.8000
252.8250
252.8500
252.8750
252.9000
252.9250
252.9500
252.9750
253.0000
253.0250
253.0500
253.0750
253.1000
253.1250
253.1500
253.1750
253.2000
253.2250
253.2500
253.2750
253.3000
253.3250
253.3500
253.3750
253.4000
253.4250
253.4500
253.4750
253.5000
253.5250
253.5500
253.5750
253.6000
253.6250
253.6500
253.6750
253.7000
253.7250
253.7500
253.7750
253.8000
253.8250
253.8500
253.8750
253.9000
253.9250
253.9500
253.9750
254.0000
254.0250
254.0500
254.0750
254.1000
254.1250
254.1500
254.1750
254.2000
254.2250
254.2500
254.2750
254.3000
254.3250
254.3500
254.3750
254.4000
254.4250
254.4500
254.4750
254.5000
254.5250
254.5500
254.5750
254.6000
254.6250
254.6500
254.6750
254.7000
254.7250
254.7500
254.7750
254.8000
254.8250
254.8500
254.8750
254.9000
254.9250
254.9500
254.9750
255.0000
